# Tetrahedron method
       -2.0800609564        0.0000000000        0.0000000000        0.0000000000        0.0000000000
       -1.9555805042        0.0000000000        0.0000000000        0.0000000000        0.0000000000
       -1.8311000519        0.0000000000        0.0000000000        0.0000000000        0.0000000000
       -1.7066195997        0.0000000000        0.0000000000        0.0000000000        0.0000000000
       -1.5821391474        0.0000000000        0.0000000000        0.0000000000        0.0000000000
       -1.4576586952        0.0000000000        0.0000000000        0.0000000000        0.0000000000
       -1.3331782429        0.0000000000        0.0000000000        0.0000000000        0.0000000000
       -1.2086977906        0.0000000000        0.0000000000        0.0000000000        0.0000000000
       -1.0842173384        0.0000000000        0.0000000000        0.0000000000        0.0000000000
       -0.9597368861        0.0000000000        0.0000000000        0.0000000000        0.0000000000
       -0.8352564339        0.0000000000        0.0000000000        0.0000000000        0.0000000000
       -0.7107759816        0.0000000000        0.0000000000        0.0000000000        0.0000000000
       -0.5862955293        0.0000000000        0.0000000000        0.0000000000        0.0000000000
       -0.4618150771        0.0000000000        0.0000000000        0.0000000000        0.0000000000
       -0.3373346248        0.0000000000        0.0000000000        0.0000000000        0.0000000000
       -0.2128541726        0.0000000000        0.0000000000        0.0000000000        0.0000000000
       -0.0883737203        0.0000000000        0.0000000000        0.0000000000        0.0000000000
        0.0361067319        0.0000093948        0.0000093954        0.0000018824        0.0000018823
        0.1605871842        0.0001585400        0.0001585771        0.0000316041        0.0000315991
        0.2850676365        0.0004895800        0.0004897784        0.0000970914        0.0000970649
        0.4095480887        0.0010029496        0.0010035269        0.0001978693        0.0001977925
        0.5340285410        0.0016990833        0.0017003505        0.0003334629        0.0003332943
        0.6585089932        0.0025784159        0.0025807768        0.0005033970        0.0005030831
        0.7829894455        0.0036413820        0.0036453336        0.0007071967        0.0007066714
        0.9074698978        0.0048884161        0.0048945486        0.0009443870        0.0009435720
        1.0319503500        0.0063199529        0.0063289497        0.0012144929        0.0012132975
        1.1564308023        0.0079364271        0.0079490645        0.0015170393        0.0015153604
        1.2809112545        0.0097382732        0.0097554208        0.0018515512        0.0018492734
        1.4053917068        0.0131399934        0.0131586724        0.0024882988        0.0024858856
        1.5298721590        0.0195627176        0.0195300060        0.0036681470        0.0036729145
        1.6543526113        0.0246810320        0.0246307193        0.0045794840        0.0045863283
        1.7788330636        0.0298001957        0.0297595017        0.0054690083        0.0054742030
        1.9033135158        0.0349249697        0.0349136464        0.0063351095        0.0063360945
        2.0277939681        0.0402988162        0.0403277485        0.0072195990        0.0072151744
        2.1522744203        0.0466398543        0.0466876388        0.0082440667        0.0082375968
        2.2767548726        0.0534576326        0.0534943702        0.0093120203        0.0093080278
        2.4012353249        0.0623487998        0.0623540567        0.0106898469        0.0106908844
        2.5257157771        0.0716902362        0.0716459803        0.0120841055        0.0120911164
        2.6501962294        0.0823897845        0.0822963462        0.0136472991        0.0136586905
        2.7746766816        0.1004122234        0.1002440285        0.0163572126        0.0163766131
        2.8991571339        0.1174340120        0.1174178528        0.0187979108        0.0187979135
        3.0236375862        0.1267286680        0.1268893732        0.0198691331        0.0198480550
        3.1481180384        0.1420351696        0.1420557386        0.0217612291        0.0217611878
        3.2725984907        0.1578322759        0.1577744976        0.0236081705        0.0236197265
        3.3970789429        0.1758361759        0.1757337584        0.0256772378        0.0256944314
        3.5215593952        0.2036034194        0.2036459791        0.0290664778        0.0290612452
        3.6460398474        0.2484606361        0.2487302948        0.0346079205        0.0345766497
        3.7705202997        0.2940267445        0.2937653401        0.0395753583        0.0396020094
        3.8950007520        0.3339558795        0.3337793550        0.0434776474        0.0434941571
        4.0194812042        0.4025655404        0.4028266961        0.0507493810        0.0506950087
        4.1439616565        0.9570354734        0.9623992792        0.1057268159        0.1060650577
        4.2684421087        0.7812793382        0.7823578658        0.0872343003        0.0869409575
        4.3929225610        0.6792707881        0.6774457987        0.0729549849        0.0728223789
        4.5174030133        0.6614881879        0.6629201406        0.0680633945        0.0682354102
        4.6418834655        0.6469495289        0.6495811065        0.0638589008        0.0637834053
        4.7663639178        0.8616197450        0.8629560278        0.0809461144        0.0812471936
        4.8908443700        0.4810517799        0.4845878213        0.0459704012        0.0461374644
        5.0153248223        0.4763128543        0.4806099747        0.0442995238        0.0445162876
        5.1398052745        0.4661680710        0.4712435540        0.0424992911        0.0426892370
        5.2642857268        0.4975305855        0.5007743039        0.0444766827        0.0446167933
        5.3887661791        0.6061129381        0.6060409230        0.0531778919        0.0531085942
        5.5132466313        0.5999530326        0.5974749682        0.0501722093        0.0498201532
        5.6377270836        0.5333430630        0.5258403915        0.0434210171        0.0429108565
        5.7622075358        0.4453612765        0.4294785606        0.0351939500        0.0345011618
        5.8866879881        0.3934006824        0.3931185752        0.0312096688        0.0312575802
        6.0111684404        0.3939147727        0.3931892879        0.0307647985        0.0308680180
        6.1356488926        0.3943665876        0.3934944320        0.0295344308        0.0296190461
        6.2601293449        0.4442978724        0.4435388808        0.0323320038        0.0323700742
        6.3846097971        0.4648847434        0.4644858076        0.0318855067        0.0318908195
        6.5090902494        0.4168981137        0.4174687548        0.0280882382        0.0280470335
        6.6335707016        0.4178101203        0.4179164226        0.0263990156        0.0263838981
        6.7580511539        0.3787024025        0.3791273234        0.0219488640        0.0219418985
        6.8825316062        0.3313084478        0.3314477760        0.0182073048        0.0182069300
        7.0070120584        0.2894159720        0.2894109955        0.0151683290        0.0151706023
        7.1314925107        0.1841006816        0.1840162117        0.0101394486        0.0101301971
        7.2559729629        0.1583859272        0.1581013872        0.0088266467        0.0088321601
        7.3804534152        0.1489282188        0.1488328375        0.0084418075        0.0084510317
        7.5049338675        0.1252321887        0.1252122041        0.0073126420        0.0073191313
        7.6294143197        0.1373686699        0.1373608181        0.0091608259        0.0091625263
        7.7538947720        0.1464917109        0.1464912516        0.0095724048        0.0095702460
        7.8783752242        0.1625531857        0.1625838975        0.0101034942        0.0101028153
        8.0028556765        0.1790724762        0.1790925890        0.0104175044        0.0104186256
        8.1273361287        0.2051666821        0.2031233467        0.0108978428        0.0108831690
        8.2518165810        0.2768978376        0.2654768452        0.0125614604        0.0124714656
        8.3762970333        0.3072112658        0.3031126567        0.0127134444        0.0126835678
        8.5007774855        0.3394184992        0.3407840082        0.0125626766        0.0125756606
        8.6252579378        0.4055096270        0.4106567285        0.0128746610        0.0129118787
        8.7497383900        0.7557551820        0.7615439928        0.0159524904        0.0159996140
        8.8742188423        0.8027466149        0.8079223267        0.0129923125        0.0130318695
        8.9986992946        0.7208347919        0.7239589586        0.0101267414        0.0101506660
        9.1231797468        0.6674089130        0.6691681996        0.0082716566        0.0082870430
        9.2476601991        0.6030110585        0.6018845461        0.0064854337        0.0064685502
        9.3721406513        0.4137339977        0.4135065488        0.0041955038        0.0042035374
        9.4966211036        0.2470018828        0.2475298865        0.0024564620        0.0024691810
        9.6211015559        0.1042438950        0.1039973224        0.0008456986        0.0008375972
        9.7455820081        0.0000000000        0.0000000000        0.0000000000        0.0000000000
        9.8700624604        0.0000000000        0.0000000000        0.0000000000        0.0000000000
        9.9945429126        0.0000000000        0.0000000000        0.0000000000        0.0000000000
       10.1190233649        0.0000000000        0.0000000000        0.0000000000        0.0000000000
       10.2435038171        0.0000000000        0.0000000000        0.0000000000        0.0000000000
       10.3679842694        0.0000000000        0.0000000000        0.0000000000        0.0000000000
       10.4924647217        0.0000000000        0.0000000000        0.0000000000        0.0000000000
       10.6169451739        0.0000000000        0.0000000000        0.0000000000        0.0000000000
       10.7414256262        0.0000000000        0.0000000000        0.0000000000        0.0000000000
       10.8659060784        0.0000000000        0.0000000000        0.0000000000        0.0000000000
       10.9903865307        0.0000000000        0.0000000000        0.0000000000        0.0000000000
       11.1148669830        0.0000000000        0.0000000000        0.0000000000        0.0000000000
       11.2393474352        0.0000000000        0.0000000000        0.0000000000        0.0000000000
       11.3638278875        0.0000000000        0.0000000000        0.0000000000        0.0000000000
       11.4883083397        0.0000000000        0.0000000000        0.0000000000        0.0000000000
       11.6127887920        0.0000000000        0.0000000000        0.0000000000        0.0000000000
       11.7372692442        0.0000000000        0.0000000000        0.0000000000        0.0000000000
       11.8617496965        0.0000000000        0.0000000000        0.0000000000        0.0000000000
       11.9862301488        0.0000000000        0.0000000000        0.0000000000        0.0000000000
       12.1107106010        0.0000000000        0.0000000000        0.0000000000        0.0000000000
       12.2351910533        0.0000000000        0.0000000000        0.0000000000        0.0000000000
       12.3596715055        0.0000000000        0.0000000000        0.0000000000        0.0000000000
       12.4841519578        0.0000000000        0.0000000000        0.0000000000        0.0000000000
       12.6086324101        0.0000000000        0.0000000000        0.0000000000        0.0000000000
       12.7331128623        0.0000000000        0.0000000000        0.0000000000        0.0000000000
       12.8575933146        0.0000000000        0.0000000000        0.0000000000        0.0000000000
       12.9820737668        0.0000000000        0.0000000000        0.0000000000        0.0000000000
       13.1065542191        0.0000000000        0.0000000000        0.0000000000        0.0000000000
       13.2310346713        0.0000000000        0.0000000000        0.0000000000        0.0000000000
       13.3555151236        0.0000000000        0.0000000000        0.0000000000        0.0000000000
       13.4799955759        0.0000000000        0.0000000000        0.0000000000        0.0000000000
       13.6044760281        0.0000000000        0.0000000000        0.0000000000        0.0000000000
       13.7289564804        0.0000000000        0.0000000000        0.0000000000        0.0000000000
       13.8534369326        0.0000000000        0.0000000000        0.0000000000        0.0000000000
       13.9779173849        0.0000000000        0.0000000000        0.0000000000        0.0000000000
       14.1023978372        0.0000000000        0.0000000000        0.0000000000        0.0000000000
       14.2268782894        0.0000000000        0.0000000000        0.0000000000        0.0000000000
       14.3513587417        0.0000000000        0.0000000000        0.0000000000        0.0000000000
       14.4758391939        0.0000000000        0.0000000000        0.0000000000        0.0000000000
       14.6003196462        0.0000000000        0.0000000000        0.0000000000        0.0000000000
       14.7248000984        0.0000000000        0.0000000000        0.0000000000        0.0000000000
       14.8492805507        0.0000000000        0.0000000000        0.0000000000        0.0000000000
       14.9737610030        0.0000000000        0.0000000000        0.0000000000        0.0000000000
       15.0982414552        0.0001956287        0.0001956294        0.0009929636        0.0009930717
       15.2227219075        0.0027218037        0.0027218370        0.0145821558        0.0145867774
       15.3472023597        0.0050724690        0.0050726754        0.0283761304        0.0283757337
       15.4716828120        0.0076115883        0.0076125383        0.0444894325        0.0445069152
       15.5961632643        0.0101500710        0.0101502614        0.0617134997        0.0617040272
       15.7206437165        0.0129630492        0.0129630693        0.0818608521        0.0818228311
       15.8451241688        0.0501740010        0.0501784096        0.3055766271        0.3053551261
       15.9696046210        0.0702399894        0.0702330076        0.4608508935        0.4603706195
       16.0940850733        0.0953141848        0.0952963264        0.6731445088        0.6737886404
       16.2185655256        0.1028025237        0.1028435359        0.7774078920        0.7775164748
       16.3430459778        0.1252376594        0.1251779098        1.0212951747        1.0208047719
       16.4675264301        0.1261717952        0.1262259249        1.1185507856        1.1189882248
       16.5920068823        0.1697353228        0.1699661978        1.6516628578        1.6542879064
       16.7164873346        0.0863202496        0.0849166950        0.8761176972        0.8642354656
       16.8409677868        0.1040375913        0.1042373264        1.1021402266        1.0898593877
       16.9654482391        0.0650244448        0.0647594453        0.7153177094        0.7021474030
       17.0899286914        0.0761202876        0.0759820566        0.8880071864        0.8818593928
       17.2144091436        0.0773777298        0.0769691356        0.9327122661        0.9427485150
       17.3388895959        0.0387064242        0.0386978524        0.5223910893        0.5223643393
       17.4633700481        0.0399910909        0.0399933206        0.5611015145        0.5610563605
       17.5878505004        0.0514328011        0.0513562788        0.7349359196        0.7350994920
       17.7123309527        0.0376244031        0.0376805625        0.5826040143        0.5825202064
       17.8368114049        0.0324960997        0.0325469352        0.5770607657        0.5770925573
       17.9612918572        0.0310512608        0.0309999304        0.6348467631        0.6345188261
       18.0857723094        0.0263063216        0.0268762521        0.6715288318        0.6587547843
       18.2102527617        0.0131078376        0.0140881602        0.3405490281        0.3121139529
       18.3347332139        0.0098896153        0.0106548464        0.1771041164        0.1541373099
       18.4592136662        0.0108250888        0.0107921321        0.1704313793        0.1690775773
       18.5836941185        0.0132272967        0.0124069412        0.2095441104        0.2322759703
       18.7081745707        0.0291769357        0.0281165471        0.4760244916        0.5081194116
       18.8326550230        0.0333667141        0.0332153368        0.8612357588        0.8696654471
       18.9571354752        0.0224517581        0.0224351094        0.7650024650        0.7655285091
       19.0816159275        0.0233531418        0.0233482359        0.9576397811        0.9576018148
       19.2060963798        0.0264139097        0.0264616672        1.1092540825        1.1090072937
       19.3305768320        0.0152610464        0.0152030396        0.7490672812        0.7494778434
       19.4550572843        0.0107153944        0.0107234386        0.5093494872        0.5092956892
       19.5795377365        0.0088723930        0.0088766488        0.4032447018        0.4032244400
       19.7040181888        0.0057357323        0.0057378471        0.1348566060        0.1348545759
       19.8284986410        0.0053059425        0.0053068085        0.1093733852        0.1093723697
       19.9529790933        0.0047591369        0.0047586145        0.0878040291        0.0878030313
       20.0774595456        0.0042273257        0.0042270455        0.0695746355        0.0695746445
       20.2019399978        0.0038913308        0.0038914762        0.0579759114        0.0579765198
       20.3264204501        0.0034103619        0.0034104997        0.0451460097        0.0451462076
       20.4509009023        0.0034283222        0.0034283420        0.0396224277        0.0396214334
       20.5753813546        0.0016819971        0.0016819600        0.0183138286        0.0183140917
       20.6998618069        0.0003372173        0.0003372123        0.0035106904        0.0035107436
       20.8243422591        0.0000000000        0.0000000000        0.0000000000        0.0000000000
       20.9488227114        0.0000000000        0.0000000000        0.0000000000        0.0000000000
       21.0733031636        0.0000000000        0.0000000000        0.0000000000        0.0000000000
       21.1977836159        0.0000000000        0.0000000000        0.0000000000        0.0000000000
       21.3222640681        0.0000000000        0.0000000000        0.0000000000        0.0000000000
       21.4467445204        0.0000000000        0.0000000000        0.0000000000        0.0000000000
       21.5712249727        0.0000000000        0.0000000000        0.0000000000        0.0000000000
       21.6957054249        0.0000000000        0.0000000000        0.0000000000        0.0000000000
       21.8201858772        0.0000000000        0.0000000000        0.0000000000        0.0000000000
       21.9446663294        0.0000000000        0.0000000000        0.0000000000        0.0000000000
       22.0691467817        0.0000000000        0.0000000000        0.0000000000        0.0000000000
       22.1936272340        0.0000000000        0.0000000000        0.0000000000        0.0000000000
       22.3181076862        0.0000000000        0.0000000000        0.0000000000        0.0000000000
       22.4425881385        0.0000000000        0.0000000000        0.0000000000        0.0000000000
       22.5670685907        0.0000000000        0.0000000000        0.0000000000        0.0000000000
       22.6915490430        0.0000000000        0.0000000000        0.0000000000        0.0000000000
       22.8160294953        0.0000000000        0.0000000000        0.0000000000        0.0000000000
