 &plot nbnd=   8, nks=    36 /
            0.500000  0.500000  0.500000
   -3.490   -0.850    4.799    4.799    7.477    9.330    9.330   13.687
            0.400000  0.400000  0.400000
   -3.927   -0.171    4.869    4.869    7.558    9.399    9.399   13.786
            0.300000  0.300000  0.300000
   -4.655    1.271    5.078    5.078    7.794    9.501    9.501   13.465
            0.200000  0.200000  0.200000
   -5.257    3.020    5.407    5.407    8.152    9.318    9.318   11.855
            0.100000  0.100000  0.100000
   -5.635    4.845    5.779    5.779    8.512    8.817    8.817   10.098
            0.000000  0.000000  0.000000
   -5.763    5.971    5.971    5.971    8.533    8.533    8.533    9.152
            0.000000  0.000000  0.100000
   -5.720    5.689    5.802    5.802    8.432    8.755    8.755    9.425
            0.000000  0.000000  0.200000
   -5.592    5.033    5.414    5.414    8.167    9.301    9.301    9.989
            0.000000  0.000000  0.300000
   -5.379    4.230    4.964    4.964    7.823   10.010   10.010   10.278
            0.000000  0.000000  0.400000
   -5.082    3.371    4.526    4.526    7.468    9.844   10.806   10.806
            0.000000  0.000000  0.500000
   -4.704    2.494    4.133    4.133    7.147    9.129   11.651   11.651
            0.000000  0.000000  0.600000
   -4.247    1.614    3.801    3.801    6.887    8.432   12.529   12.529
            0.000000  0.000000  0.700000
   -3.715    0.742    3.537    3.537    6.707    7.831   13.433   13.433
            0.000000  0.000000  0.800000
   -3.110   -0.110    3.346    3.346    6.619    7.349   14.354   14.354
            0.000000  0.000000  0.900000
   -2.440   -0.931    3.230    3.230    6.632    6.991   15.267   15.267
            0.000000  0.000000  1.000000
   -1.711   -1.711    3.191    3.191    6.753    6.753   15.880   15.880
            0.000000  0.100000  1.000000
   -1.697   -1.697    3.072    3.072    6.981    6.981   15.461   15.461
            0.000000  0.200000  1.000000
   -1.661   -1.661    2.801    2.801    7.581    7.581   14.347   14.347
            0.000000  0.300000  1.000000
   -1.613   -1.613    2.514    2.514    8.422    8.422   13.079   13.079
            0.000000  0.400000  1.000000
   -1.572   -1.572    2.307    2.307    9.409    9.409   11.835   11.835
            0.000000  0.500000  1.000000
   -1.556   -1.556    2.233    2.233   10.248   10.248   10.911   10.911
            0.000000  0.600000  1.000000
   -1.572   -1.572    2.307    2.307    9.409    9.409   11.835   11.835
            0.000000  0.700000  1.000000
   -1.613   -1.613    2.514    2.514    8.422    8.422   13.079   13.079
            0.000000  0.800000  1.000000
   -1.661   -1.661    2.801    2.801    7.581    7.581   14.347   14.347
            0.000000  0.900000  1.000000
   -1.697   -1.697    3.072    3.072    6.981    6.981   15.461   15.461
            0.000000  1.000000  1.000000
   -1.711   -1.711    3.191    3.191    6.753    6.753   15.880   15.880
            0.000000  0.900000  0.900000
   -1.753   -1.618    2.731    3.259    6.832    7.505   15.173   15.434
            0.000000  0.800000  0.800000
   -1.938   -1.340    2.025    3.461    7.064    9.134   13.955   14.529
            0.000000  0.700000  0.700000
   -2.375   -0.879    1.689    3.783    7.435   11.097   12.750   13.276
            0.000000  0.600000  0.600000
   -3.035   -0.237    1.829    4.202    7.914   11.661   11.975   12.698
            0.000000  0.500000  0.500000
   -3.766    0.581    2.326    4.676    8.431   10.719   11.056   12.018
            0.000000  0.400000  0.400000
   -4.444    1.567    3.059    5.144    8.841    9.938   10.244   11.636
            0.000000  0.300000  0.300000
   -5.007    2.708    3.934    5.535    8.982    9.326    9.584   11.539
            0.000000  0.200000  0.200000
   -5.423    3.969    4.850    5.796    8.886    8.900    9.067   11.030
            0.000000  0.100000  0.100000
   -5.677    5.242    5.633    5.932    8.622    8.692    8.742    9.792
            0.000000  0.000000  0.000000
   -5.763    5.971    5.971    5.971    8.533    8.533    8.533    9.152
